3095371858
7658621062
3670865888
7517667035
7594625066
7275427911
4294027956
7293949086
7569564646
7491903719
7236768064
7307106790
7444297537
7341574516
7569506251
4107990811
7275143490
4266930721
7485180495
7549075640
4330987747
4977613220
4254283440
7569920122
7658500174
7517172142
4253636419
7332260943
7569298001
7580870911
7357449135
7715376878
7434810300
7523046257
7746960031
7619860085
7275895128
7275631780
7709442585
4254285374
7569153813
4459354491
1627578247
7569096520
7594396920
7690904078
7444725702
7613317816
4772356758
4610953361
7396051410
4485940834
7722509547
7266999835
4125193521
7307785225
7453002288
4491315769
7332900996
4253721464
2533753289
7601307310
7530920590
7275832757
7332839518
7651196836
5004372189
7357791594
7307642452
7569427396
7403694272
7658930585
7626348367
7491356673
7491027480
7569625234
7747121783
7569095722
7684135977
2743334479
2521422371
7569692919
7754172502
3741528450
7453588508
4458949603
2049070615
4517268546
7459691115
7275717617
4645388716
7613033803
3772929518
7587661902
4573681944
3741070134
4380813776
4485932791
7530379755
7569257885
7613458087
7530787308
7527886153
4636700082
7601937883
7307798352
7747643733
7307125963
7563549532
4977791053
7747050815
7499253488
4541859578
4253627698
7531143845
7563557192
7563303837
7499579362
4100346583
7555263166
7403884121
3613334350
4060997408
7537694823
7491146593
4389405187
7435354053
3613423758
7459432941
7715186057
7275378022
7491741162
7594257498
7517742290
4380678083
7601133253
3453207574
7307735835
4490722341
7683379359
4978407251
4490622253
7569098256
7275879562
7569388286
7396489317
7563251143
7569881776
4541550430
7453787482
7531093485
7499908700
3613517630
4299410359
4709025072
4510176707
4284677940
7569601743
7338684086
7527382171
7402841256
7339881837
7619650876
7499674873
7204048124
7434200700
7335127190
4190008124
7613025449
7275599030
4357387736
7587223881
4907934162
3703393147
7492669664
7715625189
7677535624
7523474302
7531345397
7580797656
7569927569
7613468198
7237179219
7466103481
7821623429
4150775803
1985674646
7569092649
7318397991
7453255873
4476889999
4509610694
7555889913
7316121303
7754558038
3031461320
7357290853
7563105067
7613721475
7293496077
7498149524
3613193506
4164898391
4516614158
7389068775
7555224141
4977455459
2902915856
7402563619
7276002583
7555925711
3805124627
7307488691
4412740806
7491680563
4517403987
7658063872
7357770628
7403636204
7499267535
4254531466
7396805469
7563513734
7563875859
7372003364
4513420272
7853274148
4574122132
4549000149
7530482571
7563551776
7403184315
7562255066
7555586702
4231739158
4254024968
7204449085
7307044893
7581218241
7517562860
7555123142
7626461875
7268154640
7569540436
7389150598
4254157323
4771481018
3676674061
4108175514
7499029665
7587972468
2661418041
7498977603
4192852475
4299266185
7275696449
7569536791
7715015713
7613312177
4491312166
4510114925
7563833629
7563754083
7690344044
7505650842
7677177264
7537304663
7581890585
7747015095
3677166853
7435442556
7600977615
7690319518
7307582421
4573885689
7281774596
7505841947
7587400250
4108336085
7613849476
7434912007
7626566555
7499432716
7389021147
7434327269
7467594013
7613407820
7595030621
7252631962
7463927173
4637195093
4510232479
7389588140
4771466891
7498016760
4772193196
4516585179
3997194602
7325397808
4164771750
3581279142
7563196155
7275188628
7402883604
4264202653
7556285854
7492285149
7683595100
3364826684
2693049905
4510060364
7498219609
4413399794
7467966877
7722514427
7754407732
4299010146
7466926436
7306698480
7453163473
7683392448
7626519518
7595830383
4298889954
7275760408
7569291611
4549888067
7690567657
7467324110
4381339202
2020990828
7499862638
2553819799
4581311237
4573754142
4574426679
4253610756
7491870416
7552388513
7527633367
7467284005
7491608371
7531333461
7467803640
7459570845
7498530477
7651025936
7530159954
7747852794
7275828062
7268850690
7716781200
4673173581
7499724386
7569776185
3676707032
2871532263
4230386047
7332878583
4573747957
7389986420
4577200212
7569724658
7652804467
4380994405
7690395792
7716716689
7531546974
7307458067
3836861645
7587602595
7601853988
4510106539
7517439785
7747253686
4477416710
7307745703
7821087961
7402697225
7569610617
7690450031
7613072664
7618986251
7580837684
7569752992
7569203236
7300960155
7555194778
7517634891
7499221570
7766229431
7569326769
7523150592
4611435712
7453807967
7371403848
7300459064
7690640584
7505149849
3703229453
7524750799
4253771444
7569526504
7563382343
4606213691
7555650677
7754607069
4363060647
3805726493
7613016883
7747877625
7307886779
7307267159
7466644147
7715749402
7563826014
7307131250
4254416071
7626478807
7677147020
1825664367
7537037312
7569973121
7243710810
7530293794
4253487371
7499873695
4028868055
4509531945
7204625949
4541264375
7569608809
7722089585
7677856495
4547927279
7307804958
7339164709
7491793434
7537125784
7677422347
7467647596
7491906595
4124751615
7537031813
3965411443
7491511940
7563623142
7254458362
4125374297
7275219048
7568983651
7499887432
7307928470
4292838089
7466463920
7210438212
2679163219
4637356573
7531278639
4644720856
7613440023
4380690081
7601157075
4253610875
4156574809
7316761670
7466051611
7444799257
7569186861
7466996636
4253660087
7222741080
4606298555
4253556736
4325268379
7563486149
7619441098
4060872687
7569728992
4563876733
7569680427
7505696307
7555854564
7555808180
7389248601
7530450145
7467744863
7403588007
4253958818
7467751148
3953636873
4573721410
4458620921
3901087127
7594059876
7716723891
7747287118
7389381926
7491386014
7747351265
